from shapely.geometry import shape, Point, Polygon
cdmx = [[
              -99.23109054565428,
              19.42078263415394
            ],
            [
              -99.24705505371094,
              19.413497231549684
            ],
            [
              -99.28550720214844,
              19.377875009841766
            ],
            [
              -99.29855346679688,
              19.37204517690727
            ],
            [
              -99.30130004882812,
              19.381113715771875
            ],
            [
              -99.33013916015625,
              19.35844142235854
            ],
            [
              -99.33013916015625,
              19.351315193191255
            ],
            [
              -99.35829162597656,
              19.30790326029872
            ],
            [
              -99.35211181640624,
              19.298182590865377
            ],
            [
              -99.36447143554688,
              19.27809137757384
            ],
            [
              -99.34593200683594,
              19.270313471967903
            ],
            [
              -99.33837890625,
              19.265127996468802
            ],
            [
              -99.34181213378906,
              19.243087896059343
            ],
            [
              -99.32670593261719,
              19.233363381183896
            ],
            [
              -99.31571960449219,
              19.22882507715023
            ],
            [
              -99.31159973144531,
              19.221693203201532
            ],
            [
              -99.28276062011717,
              19.133491766472172
            ],
            [
              -99.23057556152344,
              19.0971598182557
            ],
            [
              -99.22096252441406,
              19.095213238620133
            ],
            [
              -99.140625,
              19.091968888351026
            ],
            [
              -99.12895202636719,
              19.062117883514652
            ],
            [
              -99.06097412109375,
              19.049786551705495
            ],
            [
              -99.03144836425781,
              19.08418218828477
            ],
            [
              -98.9923095703125,
              19.079639777486495
            ],
            [
              -98.97651672363281,
              19.074448298334378
            ],
            [
              -98.96759033203125,
              19.08872447449422
            ],
            [
              -98.96759033203125,
              19.143870855908183
            ],
            [
              -98.9545440673828,
              19.15230338553375
            ],
            [
              -98.96484375,
              19.16657283832943
            ],
            [
              -98.95179748535156,
              19.168518577121873
            ],
            [
              -98.96347045898438,
              19.206131676669326
            ],
            [
              -98.93531799316406,
              19.226231704261505
            ],
            [
              -98.96621704101562,
              19.233363381183896
            ],
            [
              -98.96415710449219,
              19.253460076908322
            ],
            [
              -98.975830078125,
              19.257349475670615
            ],
            [
              -98.95711898803711,
              19.32410309199337
            ],
            [
              -98.96965026855469,
              19.334632121438286
            ],
            [
              -98.99316787719727,
              19.358117509605584
            ],
            [
              -98.99127960205078,
              19.367996559095655
            ],
            [
              -99.01514053344727,
              19.38224724763325
            ],
            [
              -99.05736923217773,
              19.402163734150218
            ],
            [
              -99.05496597290039,
              19.42223967548736
            ],
            [
              -99.04672622680664,
              19.442151264018015
            ],
            [
              -99.06749725341797,
              19.488925788738577
            ],
            [
              -99.06251907348633,
              19.498796886480417
            ],
            [
              -99.06457901000977,
              19.49895870273904
            ],
            [
              -99.09599304199219,
              19.51319789966427
            ],
            [
              -99.10680770874022,
              19.510932656737484
            ],
            [
              -99.11367416381836,
              19.511741675711573
            ],
            [
              -99.12792205810547,
              19.52533258913115
            ],
            [
              -99.12586212158202,
              19.53471612414288
            ],
            [
              -99.12912368774414,
              19.536010362051563
            ],
            [
              -99.10783767700195,
              19.56431921994436
            ],
            [
              -99.11333084106445,
              19.579199598207545
            ],
            [
              -99.11693572998047,
              19.591491047978664
            ],
            [
              -99.12311553955078,
              19.59343171743452
            ],
            [
              -99.13633346557617,
              19.58421332916808
            ],
            [
              -99.14285659790039,
              19.575317892869453
            ],
            [
              -99.15298461914062,
              19.563025209083705
            ],
            [
              -99.15864944458008,
              19.560113646676655
            ],
            [
              -99.16156768798828,
              19.549599233693478
            ],
            [
              -99.15332794189453,
              19.544099113937538
            ],
            [
              -99.16019439697266,
              19.535686803546884
            ],
            [
              -99.15813446044922,
              19.53390722018251
            ],
            [
              -99.15847778320312,
              19.531318700282522
            ],
            [
              -99.15864944458008,
              19.529700854278186
            ],
            [
              -99.16070938110352,
              19.5290537113393
            ],
            [
              -99.17495727539062,
              19.533745438904237
            ],
            [
              -99.17736053466797,
              19.53228940010677
            ],
            [
              -99.17770385742188,
              19.52856835243376
            ],
            [
              -99.17581558227539,
              19.530186209780943
            ],
            [
              -99.17186737060547,
              19.527759417683928
            ],
            [
              -99.17444229125977,
              19.524200056664963
            ],
            [
              -99.16362762451172,
              19.51886086812459
            ],
            [
              -99.1567611694336,
              19.502842244396035
            ],
            [
              -99.17169570922852,
              19.511094460856135
            ],
            [
              -99.1768455505371,
              19.506887501154264
            ],
            [
              -99.20225143432617,
              19.51546311085394
            ],
            [
              -99.20877456665039,
              19.515624910438696
            ],
            [
              -99.22182083129883,
              19.47630285249334
            ],
            [
              -99.21409606933594,
              19.47290420158332
            ],
            [
              -99.20980453491211,
              19.470476550146252
            ],
            [
              -99.21323776245117,
              19.46286967350535
            ],
            [
              -99.21581268310547,
              19.4578521765423
            ],
            [
              -99.21838760375977,
              19.45477685973559
            ],
            [
              -99.22027587890624,
              19.454129417188373
            ],
            [
              -99.22096252441406,
              19.452996386512584
            ],
            [
              -99.22147750854492,
              19.44765484959778
            ],
            [
              -99.21855926513672,
              19.44490308013705
            ],
            [
              -99.22782897949217,
              19.438913773561776
            ],
            [
              -99.22782897949217,
              19.435999976950225
            ],
            [
              -99.22679901123047,
              19.431791067311856
            ],
            [
              -99.22422409057616,
              19.43017222686738
            ],
            [
              -99.22216415405273,
              19.42644883261674
            ],
            [
              -99.22525405883789,
              19.427420161083823
            ],
            [
              -99.23109054565428,
              19.42078263415394
            ]]
def within_cdmx(coords):
    polygon = shape(Polygon(cdmx))
    coords = Point(coords)
    return polygon.contains(coords)